BC5+Scripted_0
[240 200 240 220 220 240 240 240 240 260 260 240 240 140 280 220 200 240
 260 240 220 240 240 260 200 220 280 260 260 240 300 100 100 200 260 100
 240 300 300 160 120 240 300 240   0 280 240 200 220  20 260 260 240 200
 240 180 200  80  80 240  40 220 240 260 240 220 240 220 280 260  80 220
 260 200 240   0 260 260 240 200 100 240 300 240 240 220 200 220 120 200
 280  60 260 240 200 160 180 240 220 240]

BC5+Scripted_1
[260 200 340 240 280 220 300 220 280 300 300 320 300 260 280 300 200 320
 340 260 380 280 260 300 360 200 300 320 260 300 280 180 260 260 240 240
 300 320 300 300 260 280 200 240 240 280 340 300 340 240 320 280 260 220
 320 320 280 300 240 300 260 280 300 300 260 280 320 340 340 320 340 240
 240 280 320 200 280 240 160 240 240 400 260 240 300 300 240 280 320 220
 260 240 320 240 300 260 340 240 300 320]

