BC5+PPO_0
[140 120  20 160 200 160  60  40  40 120 240 240 140  80 100 140 120  20
 200  20 240 160  40 220  40 100   0  20  80  60  40  60  40   0 180 140
   0 140  60 100 100 140 120  60 160 100 160  20  80 160 120 220  40 200
 120 120   0 120  60 200 160 120   0  80 160 100 100 120 120  80 100  80
 140 120  60  80 100  60  40 180  20 160 220 120 100  60 140 180  20  80
  80  60 140  60  80 100  20 100 140 200]

BC5+PPO_1
[260   0   0 120 180 220 260 200  20 260   0 180 220 300 260 240   0 340
   0 200 320  80 100  60 260 260 280   0 100 180 280 200  40 260   0 260
 220  20 160   0 220 280 100 200 220   0 160 180 260 140 100 260 320  20
 220  80  40 300   0 240   0 300 260   0   0   0 200   0 140   0   0 220
   0 140 220 260 200   0 160 100 160 280 240   0 240  80 180  20 200 100
 180   0  40 100 280 220 220   0 260  80]

