BC5+PPO_0
[120 100  40 100 140 100  20 100  80 120 120  20 100 120  80  40 140  40
 100  20  60 100   0 120 100 120 120 100   0   0 120   0 100  40  80 120
  20 140 120 120  40  80 100 100 100 120 100 140 120 120  80  80 100 120
 100   0  80 100 100 120   0 120 100  80 100  80 100 120 120 100 120 100
 100 120 100  20 100 100  80 140 100 120 100 100  20 140 100  20  60 100
  40  40  80  80 100 120   0 100  80 120]

BC5+PPO_1
[ 80 100  80 100   0 100 100  80 100 100 120  20   0  80 100 100 120 100
   0 100  80   0   0  40  40   0 100   0  60  80  40  80 140   0 100   0
 120   0  60   0   0  60 100  60  80 120   0  60   0  60 100 120  60 120
 100 100   0   0 120   0  40 100 100 140   0 140  60  40 140  20   0   0
   0  80  40  80  60  80   0  60  20 100 100 140  80 100 100 120 100  60
   0  20 120  60 100  80 100  40  20 140]

