BC5+Scripted_0
[ 40 160 160 100 120 120 120  80  80  80 120 100  80 120 140 100  40  40
 120 140  80 100 100  20 100 120 100 160 120 160  80 140 160 120 160  80
  80   0 100 140 100 140 160 100 140 140  60 140 100 120 140 160  40  80
 120  20  60 140 140  40 140 140 120 120 100 120 100  60 120  60 140 120
 140 120 160 120 160 140 100 160 140 120 160 120 100  80   0 120 160 140
 120 140 120 140  60 100 120 100 140 120]

BC5+Scripted_1
[  0 140   0 120 140   0 100   0 140 140 100 140   0 120  80 100 160 140
 140   0 140 120 160   0 140   0 120 160  20 100  60 160 120 160 120   0
  20   0 160 100 100 140 160 140   0 120 120   0 100 100 120  40 160   0
   0 100 140 100   0   0 160 160 120  80   0 120 120 140 120  40 120  40
 160   0 120 120  40  80   0 120 140 140 120  80   0  60 100 120 160 120
 140  80   0 160   0 120 140   0 100   0]

