BC5+PPO_0
[ 0  0  0 20 20  0  0  0 20  0  0 20  0  0  0 20  0  0  0 20 20  0 20  0
  0 20  0 20  0  0 20  0 20 20  0  0  0  0 20  0  0  0  0 20 20  0  0  0
  0  0  0  0  0  0  0  0  0  0  0 20  0  0 20  0  0  0  0  0  0  0  0  0
 20 20  0  0  0  0  0  0 20  0  0 40 20 20 20  0 20  0  0  0  0 20 20  0
  0  0  0 20]

BC5+PPO_1
[40  0  0 20  0 40  0  0  0 20 40 40  0 20  0  0 40 20 20  0 40 20 20 20
 20 20 40 20  0 80  0 20 20 20  0  0 40  0  0  0 40  0 20 40  0 20  0 60
 60 20  0  0 20 20 40 40 60 40 20 40 40  0 40 60  0  0 40  0  0 40 40  0
  0 20  0 40 20 20  0 40 20 20  0 40 40  0  0  0 40 20  0 20  0 40 20  0
 20 60 40 20]

