BC5+Scripted_0
[60  0  0 60 40  0 20 40 20  0  0 40  0  0 40 20 20 20 20  0 60 20 20 20
  0 20  0 40 40 20  0 40 40 40 40 20 20 20  0 20  0  0 20  0  0 40 40  0
 20 40  0  0 40 40 40  0  0 40  0  0 20  0  0  0 40 20 20 20  0  0  0  0
 20  0 40 20  0 40  0 20 40 60 40  0 20  0  0 20  0 40 20 20  0 20  0  0
  0 20  0 40]

BC5+Scripted_1
[ 20  20 100 100   0   0  60 100 100 100  80  80 100  20  40  60  40  80
  20  80 120  80  80  60  80 100  80  80 100  20  60  80  20 120  80  60
  60 100   0 120 100 100   0  40 100 140   0  80  80 100  40  80  20 100
  60 100 120  80  40 120 120   0  40 100 120  40  80  40   0 100 120 100
  40 100  40  20 120  80 140  60  80 140 140  40  80 100 100 100 100 100
 120   0   0  60 100   0 100 120  80 100]

