BC5+Scripted_0
[100 120 100  60  80 120  80 120 100 120 120  80 120 100 100 100 100 120
 120  80 120  80  80 100 120   0  80  80 120 100 100 120 120 120  60 100
 120  80  80 100 120 100 100 120 120 140 100 100 120 100  80 120 100 100
  80  80  80 120  80 100  80  60 100 100 120 100  80 100 120 140  80 120
 120  60 100 120 120  80 100 100 100 120 100 100 120 100 120  80 120 100
  80 100 100   0 120  80 140 100 100 120]

BC5+Scripted_1
[120 120 120 100 120 120  80 100  80 120 100  80 100 100 120 100 120 120
 120 120 100  60  40 100 120 120 120 120  80 120 100 120 120 120 120 100
 120 120  80  80 120 100  80 120  60  80  80 100 100 100 100 100 120  80
 120 140  80  60 100 100 100 120 120 120 100  80 100 120 100 100  80 100
 100 120 120 120 120 100  80 100  40 100 120 100 100 100 120 120  80 100
  80  80 100 120 120 120 100 100 120 120]

