BC4+Scripted_0
[300 220 280 220 240 260 220 240 240 200 220 260 220 180 240 180 100 120
 220 200 280 220 200 220 160 220 200 220 240 220 220 260 200 180 220 220
 240 200 280 260 240 200 220 240 240 180 120 200 240 200 180 260 180 260
 260 180 240 240 200  60 160 100 200 260 220 180 240 260 220 220 180 200
 240 160  60 200 240 200 220 200 240 240 120 220 240 220 200 200 120 120
 220  80 240 240 240 160 200 140 220 240]

BC4+Scripted_1
[240 240 280 260 300 300 280 280 280 240 300 240 300 240 280 320 320 160
 280 280 260 280 280 260 280 240 300 240 280 280 280 300 280 320 260 280
 320 340 260 300 300 300 280 280 300 280 300 280 280 300 280 260 260 260
 300 300 280 280 240 260 260 260 280 300 240 280 300 260 240 340 280 260
 280 260 240 260 300 300 300 280 280 280 260 320 280 320 300 280 280 260
 280 260 280 300 280 300 300 280 280 280]

