BC4+Scripted_0
[ 40  20  20 140 160  80   0  80 140 100 100 100  20  40  40  80  20  40
 140  80  40 100 120  60  20  80 140  80   0  20 100 100 100  60  80   0
 120 140  60 120 120  40 140   0  60 100  80 120 100  40 120 100 120  40
  40  40  60  80  20  60 120  40   0  80  60  20  60 120  80  20 120 160
  80  80  20   0  20  60 140   0 100  60  40  80  80 100 120   0 140   0
 140  80 100 140   0 120 160  20  60 160]

BC4+Scripted_1
[ 40  60 100  60 120   0 100   0   0 120   0 140  40   0 120   0   0 140
  60  20  40   0  40 120   0  20 100 120   0 100   0  60 100 120   0 140
 120  40 120  80  60 120  80  60 160  60 100  80 100 140  60   0 120   0
   0 140  40 100  20  60  20 100 100 120  80   0 100 120  20  80  80  20
 120   0 100   0   0   0 140   0  80  40   0  40   0 140   0  40 120 120
 120   0  20  60 100  40 140  20  80  60]

