BC4+Scripted_0
[ 0  0 20  0 20  0  0  0 40 20  0 20 20 40  0  0  0  0 20  0  0  0  0 20
  0 40 20 20  0  0 20  0 40  0 20 40 20 20 40  0 40 40 40 20 20 20  0 20
  0  0 20  0  0 20 40 20 20  0 20  0 20  0 20 20 20 20 20 20 40 40 40  0
 20  0  0  0 20 40 20 20  0 20  0 40 40  0 20 20  0  0 80 40 20  0 20  0
 20 20  0  0]

BC4+Scripted_1
[20  0 20  0  0  0 20  0  0  0 20  0  0 20  0  0 20 20  0 40 20 60  0  0
 20  0  0  0  0  0  0  0 20  0  0  0  0 20  0  0  0 40  0  0  0  0  0 80
  0  0 20  0  0 40  0 40  0  0  0 20  0 20  0  0  0  0  0  0  0  0  0  0
  0  0 20 20  0 40  0 40  0  0  0  0  0  0  0  0 20 20  0 20  0  0  0  0
  0  0 40  0]

