BC4+Scripted_0
[ 80  40   0 100 120  80 100  80  60  60   0  80  40  80 100  80 100 100
  80  20  80 100  60   0  60  80 120  20  40  40 100  80 100  40 120 100
   0  80  80 100  60  60  80  80  20   0 100  60 120  80  20  80 100  80
 100  20 100 100  40  60 100 100 100   0 100 100 120  40 100  80  80  40
 120  20 100 100  80  20   0   0 100  80  60 120  60  80 100  20 120  60
 100  20  20  80 100  60 100  80  20  80]

BC4+Scripted_1
[100 100  80 100  40  80   0  60   0 120 120 100  60 100  20  80 100  80
  80  80  20  20  40  80   0 100  80 100 120 100  80  20 120  80  80 120
  80 100  80 100   0 100  20  60 100 100  80  60 100 100 120  60 100  80
  60  40  80  80  80  80 100  20  60  80  80  80  60  60  20 100  40 120
  20  40 100 100  60  80  80 100  60 100  80  80 100  80   0 100  20  40
  60  40 100  60 100 120  20 100 120 120]

