BC2+Scripted_0
[280 200 240 240 260 280 220 240 260 220 280 260 280 240 200 260 260 180
 240 260 280 220 240 220 260 240 200 280 280 260 240 240 260 200 240 280
 160 260 220 220 240 200 240 220 220 240 200 260 220 220 280 180 240 260
 200 240 220 220 220 240 240 240 180 260 260 280 220 220 260 220 240 240
 240 220 260 240 300 200 260 220 240 240 200 260 260 240 140 260 240 260
 260 280 260 240 240 260 240 260 220 240]

BC2+Scripted_1
[280 240 260 260 280 380 320 260 300 300 240 340 340 280 340 300 280 300
 260 300 240 240 320 340 300 320 300 240 280 280 260 320 300 280 280 260
 340 280 280 280 280 300 360 340 280 280 320 320 280 240 280 300 260 280
 300 240 340 260 240 340 300 260 340 280 260 260 260 280 300 320 300 260
 240 360 340 300 240 280 340 300 240 380 260 240 260 320 280 280 320 260
 320 260 240 300 260 300 280 280 280 260]

