BC2+PPO_0
[ 60   0 220  40  40 220 100  40 200  60 160 140 180 120  80  20 180  40
  60 120 180 140 120 100  80  60  60 100  60  40 100 200  60 140  60 160
  80  40  40 120 180 220  20  40  80  40 120 160 140  20 160 140 180 140
  60  40 100  80 140 100  80 180  80 180  60  80 120 100 120  40  40 120
 160 120  40  80 180 120 120 140  60 160 120  80 200 140 140 180 140  40
 180 100  60  40  20  60  80   0 160 180]

BC2+PPO_1
[180 120 140 160 240  40 300   0 280 220 280 240 100 260 100 160 300 300
  20 280 280 320 360 260 140 280 240 240 340 360  20 260 300 280 100 300
 100 280 200 280 280 240 320 240 260 320 240 100 200 120 260 340 160 240
 280 260 240 240   0 280  20 260 320  80 100 320 180 140 300 320 300 160
 120  60 220  60 300 240 220 240 260 240 260 140 240 180 220 240 280 260
 160  20 260 240 260 220  80 260 340 340]

