BC2+Scripted_0
[160 140  20 160 120  80 140  40 180 140 120 120 140 140 140 100 140 140
 160 160 140 140 140 120  80 180 120 140  80 140 120 140 100 160 140 100
 140 160 160 140 140 140 140 120 140 140 140 120  80 120 140 140 160 140
 120 120 120 140 100 140 140 140 120 160 160 120 140 140  60 120  60 180
 160 140 120 120 140 120 100 140 140 160 140 140 140 120 140 160 160 140
 120 140 100 140 180 160 140 140 100 160]

BC2+Scripted_1
[140 140 160 140   0 120 100 140 160 140 160 160 140 160 140 120 140  80
 140 160 140 140 100 140  40 120 140 140 140 120 180 140 120 160 120 140
 140 140 160 120 140  60  40 160 140 140 140 120 140 160 160 140 180 140
 120 160 160 160 140 120 140 160 140 100 140  60 140 120 160 140 120 120
  80 140 140 140 140 160 140 140 100 140 140 140  60 140 140 160 120 140
 140 140 160 120 160 140 160 160 120 140]

