BC2+PPO_0
[120  40 100 100 100 140  60 120  80  80   0  40 100 120 100 120 100  80
 100 100  80 100 120  60  60 100  20 100  80 140 100  40 100 120 100 120
  60  40 100  80 140  80 100  60 120 120 100  60   0  80 100 100  60  40
 100 100  80 140  60 120 120 100 120   0 100  80  80  40 120   0 100 100
  60 100 100  80 120  80 100 120 100 120 120  60 140  20 120 100 140  80
 100  80  40  60 100  80  20  60 100 120]

BC2+PPO_1
[ 40 120  60 100 120 100  20  80 100 120  80  60  80 140 100 100  80 120
 100  80 100 100 140 100 100  80  80  80 120 140  80 120 100 120  80 100
 100  80 100  60 120 100 120 100 120 120 120 100  80 120 140  40 100  80
  60  40  80 100 120 100 120 120 120  40 100   0  80 100  40 100 120  60
 120  80 100  80  80  80 120  40  60 100 100 100  80  80 100 100 120  60
 120 100  60  80 120  80 120  20 100  40]

