BC2+Scripted_0
[ 20   0 120  20  60  20  20  20  40  40  20  60   0  60  60  20  20   0
  40  20  80   0  20  60  40  40  60  40  80  20   0   0   0  80  20  80
  60   0 100  60  20  40  20   0 100  40  20  20   0  60   0  20   0  80
  40  40  20  40  40 100  80  20  20  20  60  40  20  60  20  40   0  20
  20  40  20  20  40  20  80  60 100   0  20  40  40  60  20  40  20  20
   0   0  60  80  60  40   0   0  20  40]

BC2+Scripted_1
[  0  20  20  60  20   0  60 100 100  40  80  60  20  80  80  40 100  40
  20   0   0  60  20  60  60  60   0  80  60  20  20  60  60   0  40 100
  20  40  60  60  20  40   0  20 100  80  40  40   0  40   0   0  60  40
 100  20  40  40  60   0  20  60  40  60  80  20 100  20  40  60  60 100
  60   0  60   0  60  20   0  20  40   0  80  40  80  40  20  80  80  40
  60 100  80  60  60  40  80  60  80   0]

