BC2+Scripted_0
[100 100  80 120 100 120 120  60 120 120 120 100 120 120 120 140 120 120
 120 120 120 100 120 120 120 120 100 120  80 100 140 120 120 120 120 120
 140 100 120 100 100 120 120 120 120 120 100 120   0 100 120 120 120 100
 100  80  80 100 120  80 140 120 120 120 120 140 100  80 100 120 100 120
 120 120 100 120 120 120 100 120 120 120 120 100 100 120 120 140 120 140
  80  80 120 100 120 140 100 120 140 120]

BC2+Scripted_1
[100 100 120  80  80 120 120 100  80 120 120 100 100 120 120 120 120 100
 120  80 100  80  60 120 100 100 100 120 120 120  20 120 120 120 100 120
 120 120 120 100 120 100 120 100 120 120 120 120 120 100 120 140  80  80
 100  80 100 100 120 120  80  80 100 100  80 140 120 100 100 140 120 100
 120 120 120 120 140 140 120 140 120 120  80 100 100 100 120 120 100  80
 120 120 120 100 120 120 120 100 100 100]

