BC3+Scripted_0
[240 240 180 200 180 220 180 200 220 140 200 160  80 180 100  80 160 200
 180 180 240 220 180 240 100 140 160 200 200 180 200 140 120 180 260 220
 200 200 240 120 120 240 140 180 220 160 260 220 200 160 160 200 200 220
 200 220 220 160 240 200 180 220 200 240  80 180 200  80 120 140 160 180
 180 200 220 120 160 180 140 240 120 140 240 200 200 180 140 180 200 140
 200 180 160 140 140 200 160 180 220 200]

BC3+Scripted_1
[280 280 300 300 260 300 300 300 260 280 300 280 180 260 280 280 320 240
 280 300 300 300 240 300 300 320 280 320 300 260 300 260 300 300 280 300
 260 260 280 280 280 280 300 240 320 280 260 320 300 300 300 280 260 300
 260 300 280 280 280 320 280 300 260 260 260 280 280 260 300 300 320 280
 300 260 240 300 280 280 280 280 280 280 280 280 240 280 280 300 300 280
 280 280 320 320 280 300 320 160 320 260]

