BC3+PPO_0
[100 100 120 120 160 100  80 100  60 120 140  20  40  80 100  80  40 120
 100  20 120 140  40 120 100  20 160 160 100 120  80  20  80  40 120  20
  60 100 140 140 140 140 120 180 100 100 120 140 140 120 120 140 100 120
 140 180 140 160  60 100 140 120  40  60 140  80 120 160  80  80  60  80
 100 100  80  40  20 180 120 180 120 100  40  40 160  60  80  80 100 140
 160 120  80 160  40 100  20 140 100  80]

BC3+PPO_1
[ 80  60 160  60 120  20 100 160 160  20 160 140 120 160  40  60 100  80
 120 100 120  60 140 120 100 160 120  80  80 100 120  40  80 120   0  80
  40 100  60 140  60  60  80 100  40  80 140  60 120 160 160  80 160 120
  60  60  80  40 100  80 100 140  80 100 100 100 140 100 140  80 140  60
  60 140 140  80  80 120 100  80  80 120  80  60  80  80 140  60  20 120
 120  80 100  80 120 180  80 100 100  60]

