BC3+PPO_0
[ 80 100 100  20  80 100 100   0  60 100 100 120  80 100  20  80 120 120
 120  40 100  80 100 120  60 100 120 100  40  80  60  40 100 120 120 100
 100 120   0  80 100 100 120 120  80 100 120  80 100   0  60  40 120   0
  60 100 120  80 140  60 120  40  20 120 140 120 120  40  80  80  40 120
  80 120 120 100  80  80 100 100  80 100  80 120  60  80  80 120 120  40
  80  80  80   0 120 120  80 120  80  80]

BC3+PPO_1
[ 60 120 100  60 100   0  80 100 120  40  80 100  40 120 100  80  80 100
 100 100 140  80 100 120 120  60 100 100 120  20  80 120 100  60  20  40
 100  80   0 100 120  80  80  40 100  80  80  80  80  40  80 120  80 100
  80  80  80   0  80 100   0  80  80  80 100 100 100  20 100   0  80 100
  40  60  40 100  80  80 100 100 100  40 100 100 120 120 140  60   0  80
  60  60  40  80  40  20  20 100 120 100]

