BC3+Scripted_0
[140 100 140 140 160 120 140  20 100  20  80 140  80 140 160 120 140  20
 160  20 120  60 140 140  60 140 120 120  40  80  80 140 120  60 120  80
 120  20 160 100 100 100  40 140 160  60 120 140 120 140  20 120  20 120
  40 100  80  20 100  80 120  20  20 120 160   0  80 120 100  80 140  60
 120  80 140   0 120  80 160  20  60 140 100  60 120   0 140 100  80   0
 120  40 140  40 100 100  20 140 120  40]

BC3+Scripted_1
[140 120 180 100   0  20   0 120 100   0  20  60   0 100 120  20  80 100
  20  20  60  40 100 140 120 140 120 160 140 100 100 120 100 160  60  60
  60  80 140 160  40 120 120  80 100 140 140 140 100   0  20 160  40 100
 140 140 140 120 160 120   0   0 100  20 140 100  40 140  60 140 140 160
   0 160   0 140  40  60  80 140 100 140  60   0 160 140  60 120   0 140
  60 140 160 140 120 120 140 160 140   0]

