BC3+Scripted_0
[100  80  80 100 100 120 100 120 100 100 100 120  80 100  80  60  40  60
 120 100 100  60 120  80 120 100 100 120  80  20 100 120 100 100 120  80
 120 100  80  80 100 120 100 100 100  80 100 120 100  80 100  80 120 120
  80 120  80  60  60 100 120 120  20 100 100 100 120 120 100 100 100 120
 100 100 100  80  80   0 100 100 100  80  60 100 120 100 100 100  80 120
 120  80 120 100 120 100  80 120 120 100]

BC3+Scripted_1
[ 80  80 120 120  80  80  80 100 120  80 120 100  80  60 120 100 100 120
 100  80  80 120 120  40  80  80 100 100  80  60 100  80 100 100 120 100
 100 140 100 100 120  80  80  80 120 120 120  80  80 120 120 120 100  60
   0 120 100 100 100 120 120  80 100 100 100  60  80 100 120  80  20 100
 100 120  80 100 120 100 100 100 100 120 100 120 100  60  80 120  80 120
 100 100 100  80 100 100 100  80 100  80]

