BC3+PPO_0
[ 0 20  0 20 20  0  0  0  0  0 20  0  0 20 20  0 20 20  0  0 20 20  0  0
 20  0  0  0  0  0  0 20  0  0 20 20  0 40 20 20  0  0  0  0 20  0 20 20
  0  0  0  0  0  0  0  0 20 20  0 20  0  0  0 20 20  0 20  0  0  0  0  0
  0 20  0 40  0 20  0  0  0  0  0 20 20 20  0  0  0 40  0  0 20  0  0  0
  0  0 20 20]

BC3+PPO_1
[20  0 20 60  0 40 40 20 40 60  0 20  0 20 60 40 20  0  0  0 20 20 60 40
 40  0  0 40 40  0 40 20 20 20  0 20 40  0  0 40 40 40 20 20  0 40  0 20
 40  0 40 20 20  0 20 40  0 20  0 20 40 20 60 20 40 20 40  0  0 20  0 40
  0 20 40 20 40  0  0 20 20  0  0 40 60  0 20 40 20  0 40 20  0 20 20 40
  0  0  0 40]

