BC3+Scripted_0
[ 0 20 20 20 60 20 40 40 40  0 40 40  0  0 20  0 40 20 20 60 60  0  0 20
 20 60  0  0  0 60 40 20 80  0 20 20 40 40 40 20 20 40  0  0 20 40 40 40
 60  0 20 80 40 40 20  0 80  0 20 40 80  0 40  0 20 80 20 20 20 40  0 20
 20 20  0 80 20 20 20 20 40 20 20 40 20 20  0  0 60  0  0  0 20 40 20 40
 20 40 20 40]

BC3+Scripted_1
[40 80 20 20 80 20  0 80 20 60 20 60  0  0 20 20 20 40  0  0  0 60 20  0
 20 60  0 20 40 20  0  0 60 20 40 20 20  0  0 40 40 40  0  0 40 20  0 40
 20  0 20 20 20 60 60 40  0 20 20 20 40 40  0 60  0 20 60 20  0 20 20  0
  0  0  0 20 40  0  0 60 40 20  0  0 20 20 40 20  0 20 40  0  0 20 40 20
  0 40 60  0]

