BC1+PPO_0
[100 180  80 100 180 220  80 220 180  20  80 200  80  80  40  80 100 260
 160  60 160  20 100 140  60  20 100 140  60  80 220 180 140 140 160 120
 140 120  40 200 180 220 200 160 120 180 240 240 220 140 200 220   0 240
 180  40 180  40 100  60 180  60 140  20 160 160 220 100 120 160 200 260
 100  60 160 220 120 220  40 220 200  80 220 140 260 200  80 180 260 200
   0 160 240 120 160 220  40 200 240 100]

BC1+PPO_1
[180  40 220 160 160 140 140 180  80 300 240  80 120 140 120  40 300 120
  40 100 240 260  60 220 180 120  40 300 120  20 200 240  40 120 160 220
 160 240 200 240 200  80 120 220 220 200 120 200 120 260 240 140 220 300
  60 320 180 280 100 180 160 160 200 140 120  40 340 220 160 180 120 260
 120 200 220  20 140 120 220 220 200 260 180 180 180  20 240 240 240 320
 240 140 160 200 240 100 240  40 280 180]

