BC1+Scripted_0
[280 300 220 200 240 300 240 260 220 260 260 240 280 280 260 280 280 260
 240 260 200 260 240 260 280 240 220 220 240 220 260 220 260 260 240 220
 240 240 260 240 260 260 240 260 280 260 260 220 280 260 240 280 200 260
 220 240 220 260 300 260 260 260 240 260 240 240 200 280 240 240 280 240
 280 280 240 260 240 220 220 220 320 240 280 260 240 260 240 240 220 260
 280 280 220 280 220 260 280 220 180 240]

BC1+Scripted_1
[280 260 340 320 280 280 280 240 260 340 280 240 320 320 240 300 320 320
 280 280 280 280 320 300 340 240 260 280 180 300 280 240 280 340 300  80
 280 300 240 280 260 280 280 240 300 300 260 240 280 240 300 280 260 240
 280 320 280 340 280 280 260 260 280 300 240 280 300 260 280 240 300 320
 280 240 320 300 260 260 260 280 300 300 300 280 320 260 260 340 340 240
 360 300 280 300 280 240 280 280 300 300]

