BC1+Scripted_0
[100 100  80 120 160  60 160 160 160 140 140 140 120 160 120 140 160 140
 140 160 180 140 140  80 120 140 120 160 160 160 100 140 120 140 120 160
 160  80 140 140 140 160 160 160 120 140 140 140  60 160 100 120 140  80
 140 100 140 140 160  60 160 160 120 160 100 140 160 140  60 140 120 140
 140 120  20 140 160 140 140 180 140 160 160 160 100  20  40 160 100 140
  40 140 160 180 140 120 120 160 100 120]

BC1+Scripted_1
[160 160   0 180 140 160 160 120 140 160  60 160 140  20 120 160  40  20
 160 140 120 140   0 120 120 140 140 180   0 160 120  40 160 140 120 160
 100  40 140 140 120 120   0   0   0 160  20 140 140 100 140 140   0 160
 100 160 140 120 120  20  20 140 180 160 140  20 140 140 100 140 140 140
 160 160 160 140  80 120 140  60 120 140 140 140   0 120 160 120 160 120
 160 160 140 160   0 120 140 120 140 140]

