BC1+PPO_0
[120 120 120  80 100   0 100 120 100 100 120 100   0 120 120  80 100 120
 120 120  20 140 100 120  40 120  40  20 100  40 100  60  20 100 120 100
  80  80 120 100   0 120 100 120  80  80 100  60 120  40  80 100  60  60
 100 100  60  80   0 120 140  80  80 120 100  80  80   0  20  20 120  80
 100  80 120 100 140 100  40 100   0 100 100 100  20 100 100 100 140  80
 120   0  20 100  80   0   0 100 100  60]

BC1+PPO_1
[ 40 120  80   0 120 100 120   0 100 140 120 100 100 100 100 100  20  60
  40   0 140 100 140 100  80  80 100  80 100 100  80  20 100 120   0  80
 120   0  80 100 140 120 120 120 100 120  80  40  80 120 100 120 120  40
  80 100  80 120 100  60  80 100 100 120  80 120  80  80 120  80  80 100
 100  60 100 100  20  40 100 100 120 120   0  60   0 100   0 100  60 100
 100 120 100 120 100  20   0   0  80  80]

