BC1+Scripted_0
[ 20   0  20  60  20  20  40  20   0  40   0  20   0  40  40   0   0  80
  40  20  40   0  40   0   0  20  40  40  40  40  60   0  80   0  80  20
  80   0  20  20  40   0   0  40  20  40  60  20   0  40   0  60  20   0
   0  40   0   0  20  80   0  20  40  20   0  60  20  40  60  60   0  40
  20  80  20   0  20  40  20  20  80  40  60   0  40  80  40   0  60   0
  20  20  80  20   0  20   0 120   0  20]

BC1+Scripted_1
[ 80  80   0  40  80  20  60  60   0  80  20  20  60  60  40  60  40  80
  20  40  80  40  80  40  80   0  60  60  80  80   0   0  60  80  40  60
  40  40 120  20   0   0  60  20  80  80  40  60 100  60  20  60  60  20
  80  80 100   0 120  20  80  20  60   0  40  80  40  60  80  40  60  60
  40 120   0   0  20  60  20  20  20 120  20  40  20   0  20  60  20  40
  80  40  60  40  60  60  60  80  40  20]

