BC1+Scripted_0
[ 80 140 100 100 120 120 120 100 120  80 120 100 120 100 120 120  60 100
  80 140   0 100 120 140  60 100 120 100  20 120 120 120 120 120 100 100
 100  80 120 120 120 120 100 120 120 100 100 120 120 100 100 140 100 100
 100 120 100 120  40 120 120 120 120 100 120 120 120 100 100 120 100 140
 120 120 120  40 100 120 100 120 120 100 120 120 120 100 100 100 120 120
 120  80 120  80 120 120 120 100 120 120]

BC1+Scripted_1
[100 120 120 100 100 120 120 120 120 100 120 120 100 100 120 140 100 120
 120 120 120 120 100 120 120 100 140  40 100 120 120 120  80  80 120 120
 100 120 120 100 120 120 100  60  80 100 120 100 120 120 120 120 140 120
 120 120 120 120 120  40 120 120 100 140 100 100 100 100  80 120 100 120
 100 120 100 120  80 100  80 120 100 100 100 100 100 100 120 120 120 120
 120  80 120  80  80 120 120 120 100 100]

