BC+PPO_0
[ 20 120 180  40  60  80  80  20  40 120 180 100 100  80 160  40 200  40
  60 180 220 160 120 140 140  60  80 120 140 180  40 220 240 180  40 160
 140 180  40 120  20  60  80 140  20 140  20 160 100 160 100  40 100 200
 100  40 100 200 200  80 120 100 120 160 100  80 220  20 180 100 120 160
 180 200 100 100 140 160 100 120  60  40 200  40 180 180  40 100 180  80
 100  20 220 220  80  20  60 100  20 120]

BC+PPO_1
[260 280  40 300 240 280 220 200 280 240 280 100   0 360   0  40 320 280
 340  80 240 280 260   0  40 240   0 260 240 320 260 220 220 160 140 300
 220 280 240  20 320 200 180 260  20   0 280 240 260 240 220 340 280 280
 300 240 220 300 280 320 180 280 240 240   0 300 380   0 280   0 280 300
 340 260 260 300 280 240  40 200 240 200 260 300 320 260 260 200 300 220
 220 220 140 160 260 200 120 260 340 280]

