BC+Scripted_0
[220 220 180 240 240 220 200 240 240 220 240 220 140 260 240 220 260 220
 200 220 220 220 220 220 180 240 200 200 200 220 220 200 160 140 220 200
 240 260 260 240 220 240 200 200 200 240 160 240 280 220 180 200 220 200
 200 240 220 240 220 240 200 240 260 220 240 240 240 280 220 260 180 220
  80 200 260 280 120 260 260 260 240 260 180 200 280 220 200 240 260 240
 240 220 220 220 160 240 220 220 220 200]

BC+Scripted_1
[340 360 300 300 260 380 280 240 360 280 320 240 280 320 360 280 320 300
 280 300 340 320 320 240 200 220 240 320 240 280 320 260 260 280 320 240
 340 320 240 300 300 300 280 300 280 280 280 240 340 300 240 320 320 360
 260 280 260 280 320 260 360 280 220 300 280 280 240 320 220 380 360 280
 320 320 340 340 300 320 360 240 300 320 300 300 280 320 320 260 300 260
 320 340 240 280 320 260 240 260 320 420]

