BC+PPO_0
[ 80  80 100 100 100 100 120 140 120 120  40 120 100 100 100 120 100 100
 120 140 140  40 120 100 100 100  80 100  60   0 100  80  60 120  80 100
 100 120   0 120  80 100 120  80 120 120  80  80  60 100  80 100 120  60
 100  60 100 100 100  20 120  20  60  80 100 100  20  80 100 100  80 100
  40 120 100  80 100 100  20  20 140 120 140 100 120 120 100 120  20   0
  60 100  40 100 100   0 100 120 100 100]

BC+PPO_1
[ 80 100  80   0  80  60  60 140   0  40  80  60 100  80 140 120  60  80
 100 100  80 100  80  60 140  80 100 120 100   0 120  80 100 100 100 120
 120 100  40  80 120 120 100  20  80  80 140 100  60 100  80 140 120 120
 100 120 120   0  80  80 140 120  60  80  80 120  60  80 120  80 100 100
  80 120 100 120  40 120 120 100 120  40 140  80 100 120  20 100 100 100
 120 120 100   0 120  80  20 100 100 120]

