BC+Scripted_0
[120 160 160 120 120  20 120 160 120 160 160 120 120 140 120 120 120 120
 160 160 120 140 120  60 100 160 160  60 160 140 160 120 140 160 140 140
 100 140 160 160 160 140 160 140 160 120 120  60 120 140 160 160 140 120
 140 120 120 160 140 120 160 160 160 180 160 160 100 160 140 160 120 160
 140  60 120 140 120 140 120 100  80 120 140 120 140 160 140 120 140 140
 120 140 100 140 160  40 100 100 160 140]

BC+Scripted_1
[160 120  60 120 100 140 100 100 140 140  80 100 140 140 160 100 160 120
 140  60 160 120 160 140 140 160  80 160 100 140 140 120 140 120 140 140
 120 160 160 140 120 120 120 160 160 140 140 140 120 180   0 140 120 140
 140 140 120 120 120 140 140 120 140 120   0 120 160 100 160 140 140 120
 120 120 120 160 160 120 140 160 140 100 140 140 140 140 140 140 140 160
 120 100 120 140 120 100 140 140 160  60]

