BC+Scripted_0
[120 100 120 120  80 100 120 120 100 120 120 120 100 120 120  60 120 140
 120 100  80  80 100 120 120 100 120 100  80 120 120 100  80 120 120 140
 120 100 100  80 100 120 120 100 120 120 100 100 120 120 140  80 140 120
  80  20 120 100 100  80 120 120 100 120  60 120 120 120 100 100 120 120
  80 120 120 100 120 120 100 120 120 100 120  80 100 120 120 100 120 120
 140 120 120  80 100 120 120 120 100 120]

BC+Scripted_1
[120 140  80 100 120 120 120 140 100 120 100  80 100  80 120 120 100 120
 120 140 100 120 120 100 120 120 100 100 120 120 120  80 120 120 120 100
 140 100 120 120 100 120 120 120 100 140 120 120 120 100 120 120  80 140
 120 120 100  80 120 120 120  40 120 120 120 120  40 140 100 120 100 120
 100 120 120 120 120  80 120 120  80 120 120 120 120 120 120 120 120 120
 120 100 120 100  80 100 120 120  80 120]

