BC+Scripted_0
[ 20   0  40  40  20   0   0   0   0   0  20   0  20   0  80  40   0  20
   0  20  60   0  20  80   0  60   0  40  40   0  20  20  20  20  20  20
  20  20  80  60  60   0  20   0  40  20  60   0  20  20  20  40  60  80
  20   0   0  20   0  20  80   0  20  40  40   0  60  20   0  40   0   0
  40   0  20   0  20 100   0  60  20   0  40  20   0  20  40  20  20  60
 100  40   0   0   0  20   0  20   0  40]

BC+Scripted_1
[ 80  80  80 120   0 100  80 120 120  60 120  80 100  40 100 100  80 120
  80  80 100   0 140   0 100  60 100  80   0 120   0  60 100 120  20  60
  60 100 120  80   0  60  80 120 100 100 120 100   0 100  80  60  20 120
 100   0  80  60 100 100  80 100 100 120  80  20 100 120  40 100  20 100
 100  60 140 100  80 140  80 120 120  80 120 120   0 100 100 100 120  80
  60 120  40 100  80 100  40  20 120 100]

